	diploid	sample_1	sample_2	sample_3	sample_4	sample_5
diploid	0.0	124.0	138.0	138.0	121.0	140.0
sample_1	124.0	0.0	196.0	209.0	170.0	192.0
sample_2	138.0	196.0	0.0	208.0	196.0	214.0
sample_3	138.0	209.0	208.0	0.0	193.0	173.0
sample_4	121.0	170.0	196.0	193.0	0.0	193.0
sample_5	140.0	192.0	214.0	173.0	193.0	0.0
