	diploid	sample_1	sample_2	sample_3	sample_4	sample_5	sample_6	sample_7	sample_8
diploid	0.0	21.0	21.0	20.0	19.0	23.0	17.0	21.0	21.0
sample_1	21.0	0.0	29.0	22.0	28.0	20.0	20.0	27.0	29.0
sample_2	21.0	29.0	0.0	31.0	26.0	32.0	27.0	27.0	27.0
sample_3	20.0	22.0	31.0	0.0	24.0	26.0	21.0	29.0	29.0
sample_4	19.0	28.0	26.0	24.0	0.0	35.0	25.0	14.0	16.0
sample_5	23.0	20.0	32.0	26.0	35.0	0.0	19.0	34.0	31.0
sample_6	17.0	20.0	27.0	21.0	25.0	19.0	0.0	25.0	27.0
sample_7	21.0	27.0	27.0	29.0	14.0	34.0	25.0	0.0	6.0
sample_8	21.0	29.0	27.0	29.0	16.0	31.0	27.0	6.0	0.0
